open:
   [ 294.55,
     294.94,
     295.33,
     295.71999999999997,
     295.71999999999997,
     295.33,
     294.94,
     294.94,
     295.33,
     295.71999999999997,
     296.10999999999996,
     296.49999999999994,
     296.88999999999993,
     297.2799999999999,
     297.6699999999999,
     298.0599999999999,
     298.4499999999999,
     298.83999999999986,
     299.22999999999985,
     299.61999999999983,
     300.0099999999998,
     300.0099999999998 ],
  high:
   [ 294.95,
     295.5,
     296.1,
     296.3,
     296.3,
     296.3,
     296.3,
     296.3,
     296.3,
     296.3,
     297.1,
     297.75,
     297.75,
     298,
     298.35,
     299,
     299.15,
     299.35,
     299.7,
     300.2,
     300.5,
     300.7 ],
  low:
   [ 294.5,
     294.5,
     294.5,
     294.5,
     294.5,
     294.5,
     294.5,
     294.5,
     294.5,
     294.5,
     294.5,
     294.5,
     294.5,
     294.5,
     294.5,
     294.5,
     294.5,
     294.5,
     294.5,
     294.5,
     294.5,
     294.5 ],
  close:
   [ 294.94,
     295.33,
     295.71999999999997,
     296.10999999999996,
     295.33,
     294.94,
     294.55,
     295.33,
     295.71999999999997,
     296.10999999999996,
     296.49999999999994,
     296.88999999999993,
     297.2799999999999,
     297.6699999999999,
     298.0599999999999,
     298.4499999999999,
     298.83999999999986,
     299.22999999999985,
     299.61999999999983,
     300.0099999999998,
     300.3999999999998,
     299.61999999999983 ],
  volume:
   [ 13164230,
     39237616,
     9832146,
     19304901,
     444930751,
     48772576,
     213968751,
     300056297,
     6569343,
     6637527,
     27691629,
     7415488,
     15147552,
     63521872,
     8346677,
     8577272,
     8739057,
     209635625,
     51841252,
     65378980,
     34682061,
     46958350 ],
  timestamp:
   [ 1546318340000,
     1546319502000,
     1546319743000,
     1546320165000,
     1546327117000,
     1546327722000,
     1546330155000,
     1546333187000,
     1546333247000,
     1546333307000,
     1546333549000,
     1546333609000,
     1546333730000,
     1546334213000,
     1546334273000,
     1546334332000,
     1546334392000,
     1546335722000,
     1546336022000,
     1546336382000,
     1546336564000,
     1546337401000 ] }